,consensus_strains,consensus_strains_normalized,consensus_AAseq,consensus_AAseq_details,index_dels_fixed,zscore,p_value,consensus_strains_codon,consensus_strains_normalized_codon,consensus_codon_seq,consensus_codon_seq_details
0,2618.0,1.0,M,{'M': 2618.0},,0.1486330780321122,0.4409215852095124,2618.0,1.0,AUG,{'AUG': 2618.0}
1,2618.0,1.0,V,{'V': 2618.0},,0.1486330780321122,0.4409215852095124,2616.0,0.9992360580595875,GUU,"{'GUC': 2.0, 'GUU': 2616.0}"
2,2618.0,1.0,K,{'K': 2618.0},,0.1486330780321122,0.4409215852095124,2567.0,0.9805194805194806,AAA,"{'AAG': 51.0, 'AAA': 2567.0}"
3,2618.0,1.0,V,{'V': 2618.0},,0.1486330780321122,0.4409215852095124,2615.0,0.9988540870893812,GUU,"{'GUA': 2.0, 'GUG': 1.0, 'GUU': 2615.0}"
4,2618.0,1.0,Y,{'Y': 2618.0},,0.1486330780321122,0.4409215852095124,2618.0,1.0,UAU,{'UAU': 2618.0}
5,2618.0,1.0,A,{'A': 2618.0},,0.1486330780321122,0.4409215852095124,2597.0,0.9919786096256684,GCC,"{'GCC': 2597.0, 'GCU': 21.0}"
6,2616.0,0.9992360580595875,P,"{'P': 2616.0, 'T': 2.0}",,0.09698526959328058,0.4613690462300021,2536.0,0.9686783804430863,CCG,"{'CCU': 79.0, 'CCA': 1.0, 'CCG': 2536.0, 'ACG': 2.0}"
7,2617.0,0.9996180290297937,A,"{'A': 2617.0, 'T': 1.0}",,0.12280917381269263,0.45112910480170204,2617.0,0.9996180290297937,GCU,"{'GCU': 2617.0, 'ACU': 1.0}"
8,2618.0,1.0,S,{'S': 2618.0},,0.1486330780321122,0.4409215852095124,2618.0,1.0,UCC,{'UCC': 2618.0}
9,2618.0,1.0,S,{'S': 2618.0},,0.1486330780321122,0.4409215852095124,2618.0,1.0,AGU,{'AGU': 2618.0}
10,2618.0,1.0,A,{'A': 2618.0},,0.1486330780321122,0.4409215852095124,2618.0,1.0,GCC,{'GCC': 2618.0}
11,2618.0,1.0,N,{'N': 2618.0},,0.1486330780321122,0.4409215852095124,2618.0,1.0,AAU,{'AAU': 2618.0}
12,2618.0,1.0,M,{'M': 2618.0},,0.1486330780321122,0.4409215852095124,2618.0,1.0,AUG,{'AUG': 2618.0}
13,2618.0,1.0,S,{'S': 2618.0},,0.1486330780321122,0.4409215852095124,2618.0,1.0,AGC,{'AGC': 2618.0}
14,2618.0,1.0,V,{'V': 2618.0},,0.1486330780321122,0.4409215852095124,2615.0,0.9988540870893812,GUC,"{'GUC': 2615.0, 'GUU': 3.0}"
15,2618.0,1.0,G,{'G': 2618.0},,0.1486330780321122,0.4409215852095124,2618.0,1.0,GGG,{'GGG': 2618.0}
16,2617.0,0.9996180290297937,F,"{'V': 1.0, 'F': 2617.0}",,0.12280917381269263,0.45112910480170204,2553.0,0.9751718869365928,UUU,"{'UUU': 2553.0, 'GUU': 1.0, 'UUC': 64.0}"
17,2618.0,1.0,D,{'D': 2618.0},,0.1486330780321122,0.4409215852095124,2618.0,1.0,GAU,{'GAU': 2618.0}
18,2618.0,1.0,V,{'V': 2618.0},,0.1486330780321122,0.4409215852095124,2617.0,0.9996180290297937,GUG,"{'GUA': 1.0, 'GUG': 2617.0}"
19,2618.0,1.0,L,{'L': 2618.0},,0.1486330780321122,0.4409215852095124,2615.0,0.9988540870893812,CUC,"{'UUG': 2.0, 'CUC': 2615.0, 'CUU': 1.0}"
20,2618.0,1.0,G,{'G': 2618.0},,0.1486330780321122,0.4409215852095124,2610.0,0.9969442322383499,GGG,"{'GGG': 2610.0, 'GGC': 8.0}"
21,2617.0,0.9996180290297937,A,"{'A': 2617.0, 'T': 1.0}",,0.12280917381269263,0.45112910480170204,2617.0,0.9996180290297937,GCG,"{'ACG': 1.0, 'GCG': 2617.0}"
22,2617.0,0.9996180290297937,A,"{'A': 2617.0, 'G': 1.0}",,0.12280917381269263,0.45112910480170204,2617.0,0.9996180290297937,GCG,"{'GGG': 1.0, 'GCG': 2617.0}"
23,2612.0,0.9977081741787625,V,"{'G': 6.0, 'V': 2612.0}",,-0.006310347284382664,0.49748255237191785,2604.0,0.9946524064171123,GUG,"{'GUC': 2.0, 'GUA': 6.0, 'GUG': 2604.0, 'GGG': 6.0}"
24,2596.0,0.9915966386554622,T,"{'A': 20.0, 'I': 1.0, 'K': 1.0, 'T': 2596.0}",,-0.41949281479504313,0.33742800239657655,2588.0,0.988540870893812,ACA,"{'GCA': 20.0, 'AUA': 1.0, 'ACA': 2588.0, 'ACG': 8.0, 'AAA': 1.0}"
25,2617.0,0.9996180290297937,P,"{'P': 2617.0, 'T': 1.0}",,0.12280917381269263,0.45112910480170204,1853.0,0.7077922077922078,CCU,"{'CCU': 1853.0, 'CCG': 2.0, 'ACU': 1.0, 'CCC': 762.0}"
26,2618.0,1.0,V,{'V': 2618.0},,0.1486330780321122,0.4409215852095124,2616.0,0.9992360580595875,GUU,"{'GUC': 2.0, 'GUU': 2616.0}"
27,2618.0,1.0,D,{'D': 2618.0},,0.1486330780321122,0.4409215852095124,2618.0,1.0,GAU,{'GAU': 2618.0}
28,2618.0,1.0,G,{'G': 2618.0},,0.1486330780321122,0.4409215852095124,2609.0,0.9965622612681436,GGU,"{'GGU': 2609.0, 'GGG': 1.0, 'GGC': 8.0}"
29,2606.0,0.9954163483575248,A,"{'A': 2606.0, 'S': 1.0, 'E': 6.0, 'T': 2.0, 'V': 3.0}",,-0.16125377260088503,0.43594676540569766,2606.0,0.9954163483575248,GCA,"{'GCA': 2606.0, 'GUA': 3.0, 'ACG': 2.0, 'UCA': 1.0, 'GAG': 3.0, 'GAA': 3.0}"
30,2618.0,1.0,L,{'L': 2618.0},,0.1486330780321122,0.4409215852095124,2611.0,0.9973262032085561,UUG,"{'CUG': 2.0, 'UUG': 2611.0, 'UUA': 5.0}"
31,2618.0,1.0,L,{'L': 2618.0},,0.1486330780321122,0.4409215852095124,2610.0,0.9969442322383499,CUC,"{'CUU': 8.0, 'CUC': 2610.0}"
32,2618.0,1.0,G,{'G': 2618.0},,0.1486330780321122,0.4409215852095124,2610.0,0.9969442322383499,GGA,"{'GGG': 6.0, 'GGA': 2610.0, 'GGC': 2.0}"
33,2618.0,1.0,D,{'D': 2618.0},,0.1486330780321122,0.4409215852095124,2616.0,0.9992360580595875,GAU,"{'GAU': 2616.0, 'GAC': 2.0}"
34,2616.0,0.9992360580595875,V,"{'N': 2.0, 'V': 2616.0}",,0.09698526959328058,0.4613690462300021,2610.0,0.9969442322383499,GUA,"{'GUA': 2610.0, 'GUG': 6.0, 'AAC': 2.0}"
35,2618.0,1.0,V,{'V': 2618.0},,0.1486330780321122,0.4409215852095124,2475.0,0.9453781512605042,GUC,"{'GUC': 2475.0, 'GUA': 67.0, 'GUG': 6.0, 'GUU': 70.0}"
36,2617.0,0.9996180290297937,T,"{'A': 1.0, 'T': 2617.0}",,0.12280917381269263,0.45112910480170204,2608.0,0.9961802902979373,ACG,"{'ACA': 7.0, 'ACG': 2608.0, 'GCG': 1.0, 'ACU': 2.0}"
37,2618.0,1.0,V,{'V': 2618.0},,0.1486330780321122,0.4409215852095124,2616.0,0.9992360580595875,GUU,"{'GUC': 2.0, 'GUU': 2616.0}"
38,2615.0,0.9988540870893812,E,"{'E': 2615.0, 'D': 3.0}",,0.07116136537386102,0.471634664698082,2613.0,0.9980901451489687,GAG,"{'GAG': 2613.0, 'GAU': 3.0, 'GAA': 2.0}"
39,2421.0,0.9247517188693659,A,"{'A': 2421.0, 'S': 196.0, 'T': 1.0}",,-4.938676053192888,3.9327374509152663e-07,2117.0,0.8086325439266616,GCG,"{'GCA': 304.0, 'UCG': 196.0, 'ACG': 1.0, 'GCG': 2117.0}"
40,2618.0,1.0,A,{'A': 2618.0},,0.1486330780321122,0.4409215852095124,2614.0,0.998472116119175,GCA,"{'GCA': 2614.0, 'GCC': 1.0, 'GCU': 1.0, 'GCG': 2.0}"
41,2618.0,1.0,E,{'E': 2618.0},,0.1486330780321122,0.4409215852095124,2618.0,1.0,GAG,{'GAG': 2618.0}
42,2542.0,0.970970206264324,T,"{'I': 70.0, 'A': 4.0, 'Q': 2.0, 'T': 2542.0}",,-1.8139836426435194,0.034840122056784176,2541.0,0.9705882352941176,ACA,"{'AUA': 70.0, 'GCA': 4.0, 'ACA': 2541.0, 'CAA': 2.0, 'ACC': 1.0}"
43,2618.0,1.0,F,{'F': 2618.0},,0.1486330780321122,0.4409215852095124,2614.0,0.998472116119175,UUC,"{'UUU': 4.0, 'UUC': 2614.0}"
44,2596.0,0.9915966386554622,S,"{'S': 2596.0, 'G': 22.0}",,-0.41949281479504313,0.33742800239657655,2591.0,0.9896867838044309,AGU,"{'GGU': 22.0, 'AGU': 2591.0, 'AGC': 5.0}"
45,2618.0,1.0,L,{'L': 2618.0},,0.1486330780321122,0.4409215852095124,2616.0,0.9992360580595875,CUC,"{'CUG': 2.0, 'CUC': 2616.0}"
46,2616.0,0.9992360580595875,N,"{'Q': 2.0, 'N': 2616.0}",,0.09698526959328058,0.4613690462300021,2333.0,0.8911382734912147,AAC,"{'AAU': 283.0, 'CAG': 2.0, 'AAC': 2333.0}"
47,2614.0,0.998472116119175,N,"{'K': 4.0, 'N': 2614.0}",,0.045337461154448956,0.48191916422046394,2567.0,0.9805194805194806,AAC,"{'AAU': 47.0, 'AAA': 4.0, 'AAC': 2567.0}"
48,2618.0,1.0,L,{'L': 2618.0},,0.1486330780321122,0.4409215852095124,2611.0,0.9973262032085561,CUC,"{'CUU': 6.0, 'CUC': 2611.0, 'CUA': 1.0}"
49,2618.0,1.0,G,{'G': 2618.0},,0.1486330780321122,0.4409215852095124,2533.0,0.9675324675324676,GGA,"{'GGG': 85.0, 'GGA': 2533.0}"
50,2613.0,0.9980901451489687,R,"{'Q': 3.0, 'C': 2.0, 'R': 2613.0}",,0.019513556935029392,0.49221571111622964,2604.0,0.9946524064171123,CGC,"{'UGC': 2.0, 'CAG': 3.0, 'CGC': 2604.0, 'CGU': 6.0, 'CGG': 3.0}"
51,2617.0,0.9996180290297937,F,"{'I': 1.0, 'F': 2617.0}",,0.12280917381269263,0.45112910480170204,2615.0,0.9988540870893812,UUU,"{'UUU': 2615.0, 'AUU': 1.0, 'UUC': 2.0}"
52,2618.0,1.0,A,{'A': 2618.0},,0.1486330780321122,0.4409215852095124,2618.0,1.0,GCC,{'GCC': 2618.0}
53,2616.0,0.9992360580595875,D,"{'S': 2.0, 'D': 2616.0}",,0.09698526959328058,0.4613690462300021,2610.0,0.9969442322383499,GAU,"{'AGC': 2.0, 'GAU': 2610.0, 'GAC': 6.0}"
54,2618.0,1.0,K,{'K': 2618.0},,0.1486330780321122,0.4409215852095124,2613.0,0.9980901451489687,AAG,"{'AAG': 2613.0, 'AAA': 5.0}"
55,2618.0,1.0,L,{'L': 2618.0},,0.1486330780321122,0.4409215852095124,2612.0,0.9977081741787625,CUG,"{'CUG': 2612.0, 'CUA': 6.0}"
56,2618.0,1.0,P,{'P': 2618.0},,0.1486330780321122,0.4409215852095124,2576.0,0.983957219251337,CCG,"{'CCG': 2576.0, 'CCA': 42.0}"
57,2616.0,0.9992360580595875,S,"{'S': 2616.0, 'T': 2.0}",,0.09698526959328058,0.4613690462300021,2616.0,0.9992360580595875,UCA,"{'ACG': 2.0, 'UCA': 2616.0}"
58,2615.0,0.9988540870893812,E,"{'A': 2.0, 'K': 1.0, 'E': 2615.0}",,0.07116136537386102,0.471634664698082,1775.0,0.6779984721161192,GAA,"{'GAG': 840.0, 'AAA': 1.0, 'GCG': 2.0, 'GAA': 1775.0}"
59,2618.0,1.0,P,{'P': 2618.0},,0.1486330780321122,0.4409215852095124,1923.0,0.7345301757066462,CCA,"{'CCU': 690.0, 'CCG': 5.0, 'CCA': 1923.0}"
60,2615.0,0.9988540870893812,R,"{'Q': 2.0, 'R': 2615.0, 'W': 1.0}",,0.07116136537386102,0.471634664698082,2608.0,0.9961802902979373,CGG,"{'CGA': 6.0, 'AGG': 1.0, 'UGG': 1.0, 'CAG': 2.0, 'CGG': 2608.0}"
61,2617.0,0.9996180290297937,E,"{'K': 1.0, 'E': 2617.0}",,0.12280917381269263,0.45112910480170204,2614.0,0.998472116119175,GAA,"{'GAG': 3.0, 'AAA': 1.0, 'GAA': 2614.0}"
62,2618.0,1.0,N,{'N': 2618.0},,0.1486330780321122,0.4409215852095124,2616.0,0.9992360580595875,AAU,"{'AAU': 2616.0, 'AAC': 2.0}"
63,2618.0,1.0,I,{'I': 2618.0},,0.1486330780321122,0.4409215852095124,2615.0,0.9988540870893812,AUC,"{'AUC': 2615.0, 'AUU': 3.0}"
64,2618.0,1.0,V,{'V': 2618.0},,0.1486330780321122,0.4409215852095124,2618.0,1.0,GUU,{'GUU': 2618.0}
65,2618.0,1.0,Y,{'Y': 2618.0},,0.1486330780321122,0.4409215852095124,2616.0,0.9992360580595875,UAU,"{'UAC': 2.0, 'UAU': 2616.0}"
66,2613.0,0.9980901451489687,Q,"{'Q': 2613.0, 'L': 5.0}",,0.019513556935029392,0.49221571111622964,2613.0,0.9980901451489687,CAG,"{'CUG': 5.0, 'CAG': 2613.0}"
67,2618.0,1.0,C,{'C': 2618.0},,0.1486330780321122,0.4409215852095124,2310.0,0.8823529411764706,UGC,"{'UGC': 2310.0, 'UGU': 308.0}"
68,2618.0,1.0,W,{'W': 2618.0},,0.1486330780321122,0.4409215852095124,2618.0,1.0,UGG,{'UGG': 2618.0}
69,2618.0,1.0,E,{'E': 2618.0},,0.1486330780321122,0.4409215852095124,2577.0,0.9843391902215431,GAG,"{'GAG': 2577.0, 'GAA': 41.0}"
70,2616.0,0.9992360580595875,R,"{'S': 2.0, 'R': 2616.0}",,0.09698526959328058,0.4613690462300021,2616.0,0.9992360580595875,CGU,"{'AGC': 2.0, 'CGU': 2616.0}"
71,2618.0,1.0,F,{'F': 2618.0},,0.1486330780321122,0.4409215852095124,2618.0,1.0,UUU,{'UUU': 2618.0}
72,2618.0,1.0,C,{'C': 2618.0},,0.1486330780321122,0.4409215852095124,2618.0,1.0,UGC,{'UGC': 2618.0}
73,2607.0,0.9957983193277311,Q,"{'Q': 2607.0, 'H': 4.0, 'R': 2.0, 'L': 5.0}",,-0.13542986838146548,0.4461360050576756,2607.0,0.9957983193277311,CAG,"{'CUG': 5.0, 'CAG': 2607.0, 'CGG': 2.0, 'CAU': 4.0}"
74,2618.0,1.0,E,{'E': 2618.0},,0.1486330780321122,0.4409215852095124,2475.0,0.9453781512605042,GAG,"{'GAG': 2475.0, 'GAA': 143.0}"
75,2598.0,0.9923605805958747,L,"{'Q': 18.0, 'I': 2.0, 'L': 2598.0}",,-0.36784500635621153,0.3564944039939678,1500.0,0.5729564553093965,CUU,"{'CUG': 1097.0, 'CUU': 1500.0, 'CAG': 18.0, 'AUC': 2.0, 'UUG': 1.0}"
76,2618.0,1.0,G,{'G': 2618.0},,0.1486330780321122,0.4409215852095124,1783.0,0.6810542398777693,GGC,"{'GGU': 809.0, 'GGG': 26.0, 'GGC': 1783.0}"
77,2617.0,0.9996180290297937,K,"{'K': 2617.0, 'R': 1.0}",,0.12280917381269263,0.45112910480170204,2617.0,0.9996180290297937,AAG,"{'AGG': 1.0, 'AAG': 2617.0}"
78,2615.0,0.9988540870893812,Q,"{'Q': 2615.0, 'K': 1.0, 'T': 2.0}",,0.07116136537386102,0.471634664698082,2615.0,0.9988540870893812,CAA,"{'ACG': 2.0, 'CAA': 2615.0, 'AAA': 1.0}"
79,2615.0,0.9988540870893812,I,"{'I': 2615.0, 'N': 1.0, 'V': 2.0}",,0.07116136537386102,0.471634664698082,2615.0,0.9988540870893812,AUU,"{'AAU': 1.0, 'GUG': 2.0, 'AUU': 2615.0}"
80,2618.0,1.0,P,{'P': 2618.0},,0.1486330780321122,0.4409215852095124,2613.0,0.9980901451489687,CCA,"{'CCG': 2.0, 'CCA': 2613.0, 'CCC': 3.0}"
81,2618.0,1.0,V,{'V': 2618.0},,0.1486330780321122,0.4409215852095124,2618.0,1.0,GUG,{'GUG': 2618.0}
82,2618.0,1.0,A,{'A': 2618.0},,0.1486330780321122,0.4409215852095124,2573.0,0.9828113063407181,GCG,"{'GCA': 45.0, 'GCG': 2573.0}"
83,2615.0,0.9988540870893812,M,"{'I': 3.0, 'M': 2615.0}",,0.07116136537386102,0.471634664698082,2615.0,0.9988540870893812,AUG,"{'AUA': 3.0, 'AUG': 2615.0}"
84,2492.0,0.9518716577540107,T,"{'A': 126.0, 'T': 2492.0}",,-3.1051788536143325,0.0009508199939912085,2115.0,0.807868601986249,ACU,"{'ACC': 330.0, 'GCC': 126.0, 'ACG': 47.0, 'ACU': 2115.0}"
85,2618.0,1.0,L,{'L': 2618.0},,0.1486330780321122,0.4409215852095124,2617.0,0.9996180290297937,CUG,"{'CUG': 2617.0, 'CUA': 1.0}"
86,2618.0,1.0,E,{'E': 2618.0},,0.1486330780321122,0.4409215852095124,2618.0,1.0,GAA,{'GAA': 2618.0}
87,2618.0,1.0,K,{'K': 2618.0},,0.1486330780321122,0.4409215852095124,2616.0,0.9992360580595875,AAG,"{'AAG': 2616.0, 'AAA': 2.0}"
88,2618.0,1.0,N,{'N': 2618.0},,0.1486330780321122,0.4409215852095124,2616.0,0.9992360580595875,AAU,"{'AAU': 2616.0, 'AAC': 2.0}"
89,2618.0,1.0,M,{'M': 2618.0},,0.1486330780321122,0.4409215852095124,2618.0,1.0,AUG,{'AUG': 2618.0}
90,2618.0,1.0,P,{'P': 2618.0},,0.1486330780321122,0.4409215852095124,1774.0,0.6776165011459129,CCG,"{'CCG': 1774.0, 'CCA': 844.0}"
91,2618.0,1.0,I,{'I': 2618.0},,0.1486330780321122,0.4409215852095124,2616.0,0.9992360580595875,AUC,"{'AUC': 2616.0, 'AUU': 2.0}"
92,2618.0,1.0,G,{'G': 2618.0},,0.1486330780321122,0.4409215852095124,1932.0,0.7379679144385026,GGU,"{'GGU': 1932.0, 'GGC': 686.0}"
93,2618.0,1.0,S,{'S': 2618.0},,0.1486330780321122,0.4409215852095124,2612.0,0.9977081741787625,UCG,"{'UCG': 2612.0, 'UCU': 4.0, 'UCC': 2.0}"
94,2618.0,1.0,G,{'G': 2618.0},,0.1486330780321122,0.4409215852095124,2571.0,0.9820473644003056,GGC,"{'GGU': 45.0, 'GGG': 2.0, 'GGC': 2571.0}"
95,2618.0,1.0,L,{'L': 2618.0},,0.1486330780321122,0.4409215852095124,2616.0,0.9992360580595875,UUA,"{'CUG': 2.0, 'UUA': 2616.0}"
96,2618.0,1.0,G,{'G': 2618.0},,0.1486330780321122,0.4409215852095124,2570.0,0.9816653934300993,GGC,"{'GGU': 6.0, 'GGA': 42.0, 'GGC': 2570.0}"
97,2618.0,1.0,S,{'S': 2618.0},,0.1486330780321122,0.4409215852095124,2618.0,1.0,UCC,{'UCC': 2618.0}
98,2618.0,1.0,S,{'S': 2618.0},,0.1486330780321122,0.4409215852095124,2120.0,0.8097784568372803,AGC,"{'AGU': 498.0, 'AGC': 2120.0}"
99,2618.0,1.0,A,{'A': 2618.0},,0.1486330780321122,0.4409215852095124,2573.0,0.9828113063407181,GCC,"{'GCC': 2573.0, 'GCU': 45.0}"
100,2618.0,1.0,C,{'C': 2618.0},,0.1486330780321122,0.4409215852095124,2399.0,0.9163483575248281,UGU,"{'UGC': 219.0, 'UGU': 2399.0}"
101,2618.0,1.0,S,{'S': 2618.0},,0.1486330780321122,0.4409215852095124,1643.0,0.6275783040488923,UCG,"{'UCG': 1643.0, 'UCA': 975.0}"
102,2613.0,0.9980901451489687,V,"{'G': 5.0, 'V': 2613.0}",,0.019513556935029392,0.49221571111622964,2612.0,0.9977081741787625,GUG,"{'GGG': 5.0, 'GUG': 2612.0, 'GUU': 1.0}"
103,2618.0,1.0,V,{'V': 2618.0},,0.1486330780321122,0.4409215852095124,2572.0,0.9824293353705118,GUC,"{'GUC': 2572.0, 'GUG': 45.0, 'GUU': 1.0}"
104,2618.0,1.0,A,{'A': 2618.0},,0.1486330780321122,0.4409215852095124,2615.0,0.9988540870893812,GCG,"{'GCA': 1.0, 'GCU': 2.0, 'GCG': 2615.0}"
105,2618.0,1.0,A,{'A': 2618.0},,0.1486330780321122,0.4409215852095124,2433.0,0.9293353705118411,GCG,"{'GCA': 6.0, 'GCU': 179.0, 'GCG': 2433.0}"
106,2618.0,1.0,L,{'L': 2618.0},,0.1486330780321122,0.4409215852095124,2618.0,1.0,CUG,{'CUG': 2618.0}
107,2610.0,0.9969442322383499,M,"{'M': 2610.0, 'V': 8.0}",,-0.057958155723214284,0.47689097968079835,2610.0,0.9969442322383499,AUG,"{'GUC': 5.0, 'GUA': 1.0, 'GUG': 2.0, 'AUG': 2610.0}"
108,2618.0,1.0,A,{'A': 2618.0},,0.1486330780321122,0.4409215852095124,2616.0,0.9992360580595875,GCG,"{'GCC': 2.0, 'GCG': 2616.0}"
109,2618.0,1.0,M,{'M': 2618.0},,0.1486330780321122,0.4409215852095124,2618.0,1.0,AUG,{'AUG': 2618.0}
110,2618.0,1.0,N,{'N': 2618.0},,0.1486330780321122,0.4409215852095124,2616.0,0.9992360580595875,AAU,"{'AAU': 2616.0, 'AAC': 2.0}"
111,2618.0,1.0,E,{'E': 2618.0},,0.1486330780321122,0.4409215852095124,2613.0,0.9980901451489687,GAA,"{'GAG': 5.0, 'GAA': 2613.0}"
112,2616.0,0.9992360580595875,H,"{'H': 2616.0, 'F': 2.0}",,0.09698526959328058,0.4613690462300021,2555.0,0.9759358288770054,CAC,"{'CAC': 2555.0, 'UUC': 2.0, 'CAU': 61.0}"
113,2617.0,0.9996180290297937,C,"{'C': 2617.0, 'W': 1.0}",,0.12280917381269263,0.45112910480170204,1587.0,0.6061879297173415,UGC,"{'UGC': 1587.0, 'UGG': 1.0, 'UGU': 1030.0}"
114,2617.0,0.9996180290297937,G,"{'S': 1.0, 'G': 2617.0}",,0.12280917381269263,0.45112910480170204,2617.0,0.9996180290297937,GGC,"{'AGC': 1.0, 'GGC': 2617.0}"
115,2618.0,1.0,K,{'K': 2618.0},,0.1486330780321122,0.4409215852095124,2618.0,1.0,AAG,{'AAG': 2618.0}
116,2614.0,0.998472116119175,P,"{'P': 2614.0, 'L': 4.0}",,0.045337461154448956,0.48191916422046394,2575.0,0.9835752482811306,CCG,"{'CUG': 4.0, 'CCG': 2575.0, 'CCA': 39.0}"
117,2618.0,1.0,L,{'L': 2618.0},,0.1486330780321122,0.4409215852095124,2612.0,0.9977081741787625,CUU,"{'CUG': 2.0, 'CUU': 2612.0, 'CUC': 4.0}"
118,2618.0,1.0,N,{'N': 2618.0},,0.1486330780321122,0.4409215852095124,2613.0,0.9980901451489687,AAU,"{'AAU': 2613.0, 'AAC': 5.0}"
119,2586.0,0.9877769289533995,D,"{'A': 30.0, 'E': 2.0, 'D': 2586.0}",,-0.6777318569892088,0.24897086187208034,2582.0,0.9862490450725745,GAC,"{'GAG': 2.0, 'GCC': 30.0, 'GAC': 2582.0, 'GAU': 4.0}"
120,2611.0,0.9973262032085561,T,"{'A': 1.0, 'P': 6.0, 'T': 2611.0}",,-0.032134251503802225,0.4871824943783696,2062.0,0.787624140565317,ACU,"{'ACC': 547.0, 'ACG': 2.0, 'ACU': 2062.0, 'CCU': 3.0, 'GCU': 1.0, 'CCC': 3.0}"
121,2618.0,1.0,R,{'R': 2618.0},,0.1486330780321122,0.4409215852095124,2612.0,0.9977081741787625,CGU,"{'CGC': 6.0, 'CGU': 2612.0}"
122,2616.0,0.9992360580595875,L,"{'M': 2.0, 'L': 2616.0}",,0.09698526959328058,0.4613690462300021,2612.0,0.9977081741787625,UUG,"{'CUG': 3.0, 'UUG': 2612.0, 'UUA': 1.0, 'AUG': 2.0}"
123,2618.0,1.0,L,{'L': 2618.0},,0.1486330780321122,0.4409215852095124,2614.0,0.998472116119175,CUG,"{'CUG': 2614.0, 'UUG': 4.0}"
124,2595.0,0.9912146676852559,A,"{'A': 2595.0, 'S': 23.0}",,-0.4453167190144627,0.3280454436079266,2589.0,0.9889228418640184,GCU,"{'UCU': 23.0, 'GCU': 2589.0, 'GCC': 4.0, 'GCG': 2.0}"
125,2618.0,1.0,L,{'L': 2618.0},,0.1486330780321122,0.4409215852095124,2612.0,0.9977081741787625,UUG,"{'CUG': 6.0, 'UUG': 2612.0}"
126,2618.0,1.0,M,{'M': 2618.0},,0.1486330780321122,0.4409215852095124,2618.0,1.0,AUG,{'AUG': 2618.0}
127,2618.0,1.0,G,{'G': 2618.0},,0.1486330780321122,0.4409215852095124,2593.0,0.9904507257448434,GGC,"{'GGU': 23.0, 'GGA': 2.0, 'GGC': 2593.0}"
128,2618.0,1.0,E,{'E': 2618.0},,0.1486330780321122,0.4409215852095124,2618.0,1.0,GAG,{'GAG': 2618.0}
129,2616.0,0.9992360580595875,L,"{'M': 2.0, 'L': 2616.0}",,0.09698526959328058,0.4613690462300021,2014.0,0.7692895339954163,CUG,"{'CUG': 2014.0, 'UUG': 602.0, 'AUG': 2.0}"
130,2618.0,1.0,E,{'E': 2618.0},,0.1486330780321122,0.4409215852095124,2618.0,1.0,GAA,{'GAA': 2618.0}
131,2618.0,1.0,G,{'G': 2618.0},,0.1486330780321122,0.4409215852095124,1238.0,0.47288006111535524,GGA,"{'GGU': 4.0, 'GGG': 1156.0, 'GGA': 1238.0, 'GGC': 220.0}"
132,2615.0,0.9988540870893812,R,"{'S': 2.0, 'R': 2615.0, 'C': 1.0}",,0.07116136537386102,0.471634664698082,1578.0,0.6027501909854851,CGU,"{'CGA': 1037.0, 'AGU': 2.0, 'CGU': 1578.0, 'UGU': 1.0}"
133,2618.0,1.0,I,{'I': 2618.0},,0.1486330780321122,0.4409215852095124,2615.0,0.9988540870893812,AUC,"{'AUC': 2615.0, 'AUU': 3.0}"
134,2618.0,1.0,S,{'S': 2618.0},,0.1486330780321122,0.4409215852095124,2613.0,0.9980901451489687,UCC,"{'UCU': 5.0, 'UCC': 2613.0}"
135,2618.0,1.0,G,{'G': 2618.0},,0.1486330780321122,0.4409215852095124,2618.0,1.0,GGC,{'GGC': 2618.0}
136,2618.0,1.0,S,{'S': 2618.0},,0.1486330780321122,0.4409215852095124,2618.0,1.0,AGC,{'AGC': 2618.0}
137,2618.0,1.0,I,{'I': 2618.0},,0.1486330780321122,0.4409215852095124,2616.0,0.9992360580595875,AUU,"{'AUA': 2.0, 'AUU': 2616.0}"
138,2618.0,1.0,H,{'H': 2618.0},,0.1486330780321122,0.4409215852095124,2616.0,0.9992360580595875,CAU,"{'CAC': 2.0, 'CAU': 2616.0}"
139,2618.0,1.0,Y,{'Y': 2618.0},,0.1486330780321122,0.4409215852095124,2595.0,0.9912146676852559,UAC,"{'UAC': 2595.0, 'UAU': 23.0}"
140,2618.0,1.0,D,{'D': 2618.0},,0.1486330780321122,0.4409215852095124,2617.0,0.9996180290297937,GAC,"{'GAU': 1.0, 'GAC': 2617.0}"
141,2618.0,1.0,N,{'N': 2618.0},,0.1486330780321122,0.4409215852095124,2613.0,0.9980901451489687,AAC,"{'AAU': 5.0, 'AAC': 2613.0}"
142,2618.0,1.0,V,{'V': 2618.0},,0.1486330780321122,0.4409215852095124,2618.0,1.0,GUG,{'GUG': 2618.0}
143,2618.0,1.0,A,{'A': 2618.0},,0.1486330780321122,0.4409215852095124,2603.0,0.9942704354469061,GCA,"{'GCA': 2603.0, 'GCC': 1.0, 'GCU': 3.0, 'GCG': 11.0}"
144,2618.0,1.0,P,{'P': 2618.0},,0.1486330780321122,0.4409215852095124,2617.0,0.9996180290297937,CCG,"{'CCG': 2617.0, 'CCA': 1.0}"
145,2618.0,1.0,C,{'C': 2618.0},,0.1486330780321122,0.4409215852095124,2612.0,0.9977081741787625,UGU,"{'UGC': 6.0, 'UGU': 2612.0}"
146,2616.0,0.9992360580595875,F,"{'Y': 2.0, 'F': 2616.0}",,0.09698526959328058,0.4613690462300021,2616.0,0.9992360580595875,UUU,"{'UUU': 2616.0, 'UAU': 2.0}"
147,2618.0,1.0,L,{'L': 2618.0},,0.1486330780321122,0.4409215852095124,2353.0,0.8987776928953399,CUU,"{'CUU': 2353.0, 'CUC': 195.0, 'CUA': 70.0}"
148,2618.0,1.0,G,{'G': 2618.0},,0.1486330780321122,0.4409215852095124,2613.0,0.9980901451489687,GGU,"{'GGU': 2613.0, 'GGC': 5.0}"
149,2618.0,1.0,G,{'G': 2618.0},,0.1486330780321122,0.4409215852095124,2591.0,0.9896867838044309,GGU,"{'GGU': 2591.0, 'GGA': 25.0, 'GGC': 2.0}"
150,2618.0,1.0,M,{'M': 2618.0},,0.1486330780321122,0.4409215852095124,2618.0,1.0,AUG,{'AUG': 2618.0}
151,2618.0,1.0,Q,{'Q': 2618.0},,0.1486330780321122,0.4409215852095124,2618.0,1.0,CAG,{'CAG': 2618.0}
152,2618.0,1.0,L,{'L': 2618.0},,0.1486330780321122,0.4409215852095124,2599.0,0.9927425515660809,UUG,"{'UUG': 2599.0, 'UUA': 19.0}"
153,2618.0,1.0,M,{'M': 2618.0},,0.1486330780321122,0.4409215852095124,2618.0,1.0,AUG,{'AUG': 2618.0}
154,2618.0,1.0,I,{'I': 2618.0},,0.1486330780321122,0.4409215852095124,2063.0,0.7880061115355232,AUC,"{'AUC': 2063.0, 'AUU': 555.0}"
155,2618.0,1.0,E,{'E': 2618.0},,0.1486330780321122,0.4409215852095124,2618.0,1.0,GAA,{'GAA': 2618.0}
156,2618.0,1.0,E,{'E': 2618.0},,0.1486330780321122,0.4409215852095124,2616.0,0.9992360580595875,GAA,"{'GAG': 2.0, 'GAA': 2616.0}"
157,2618.0,1.0,N,{'N': 2618.0},,0.1486330780321122,0.4409215852095124,2616.0,0.9992360580595875,AAC,"{'AAU': 2.0, 'AAC': 2616.0}"
158,2611.0,0.9973262032085561,D,"{'Y': 1.0, 'D': 2611.0, 'G': 6.0}",,-0.032134251503802225,0.4871824943783696,2611.0,0.9973262032085561,GAC,"{'GGG': 2.0, 'GAC': 2611.0, 'UAC': 1.0, 'GGC': 4.0}"
159,2618.0,1.0,I,{'I': 2618.0},,0.1486330780321122,0.4409215852095124,2615.0,0.9988540870893812,AUC,"{'AUC': 2615.0, 'AUU': 3.0}"
160,2618.0,1.0,I,{'I': 2618.0},,0.1486330780321122,0.4409215852095124,2618.0,1.0,AUC,{'AUC': 2618.0}
161,2618.0,1.0,S,{'S': 2618.0},,0.1486330780321122,0.4409215852095124,2050.0,0.7830404889228418,AGC,"{'AGU': 568.0, 'AGC': 2050.0}"
162,2618.0,1.0,Q,{'Q': 2618.0},,0.1486330780321122,0.4409215852095124,2618.0,1.0,CAG,{'CAG': 2618.0}
163,2618.0,1.0,Q,{'Q': 2618.0},,0.1486330780321122,0.4409215852095124,2612.0,0.9977081741787625,CAA,"{'CAA': 2612.0, 'CAG': 6.0}"
164,2618.0,1.0,V,{'V': 2618.0},,0.1486330780321122,0.4409215852095124,2618.0,1.0,GUG,{'GUG': 2618.0}
165,2618.0,1.0,P,{'P': 2618.0},,0.1486330780321122,0.4409215852095124,2086.0,0.7967914438502673,CCA,"{'CCU': 519.0, 'CCG': 9.0, 'CCA': 2086.0, 'CCC': 4.0}"
166,2617.0,0.9996180290297937,G,"{'A': 1.0, 'G': 2617.0}",,0.12280917381269263,0.45112910480170204,2617.0,0.9996180290297937,GGG,"{'GGG': 2617.0, 'GCG': 1.0}"
167,2615.0,0.9988540870893812,F,"{'V': 2.0, 'G': 1.0, 'F': 2615.0}",,0.07116136537386102,0.471634664698082,2615.0,0.9988540870893812,UUU,"{'UUU': 2615.0, 'GGU': 1.0, 'GUU': 2.0}"
168,2618.0,1.0,D,{'D': 2618.0},,0.1486330780321122,0.4409215852095124,2618.0,1.0,GAU,{'GAU': 2618.0}
169,2618.0,1.0,E,{'E': 2618.0},,0.1486330780321122,0.4409215852095124,2617.0,0.9996180290297937,GAG,"{'GAG': 2617.0, 'GAA': 1.0}"
170,2618.0,1.0,W,{'W': 2618.0},,0.1486330780321122,0.4409215852095124,2618.0,1.0,UGG,{'UGG': 2618.0}
171,2618.0,1.0,L,{'L': 2618.0},,0.1486330780321122,0.4409215852095124,2598.0,0.9923605805958747,CUG,"{'CUG': 2598.0, 'UUG': 20.0}"
172,2618.0,1.0,W,{'W': 2618.0},,0.1486330780321122,0.4409215852095124,2618.0,1.0,UGG,{'UGG': 2618.0}
173,2614.0,0.998472116119175,V,"{'M': 2.0, 'G': 2.0, 'V': 2614.0}",,0.045337461154448956,0.48191916422046394,2612.0,0.9977081741787625,GUG,"{'GUA': 2.0, 'GUG': 2612.0, 'GGG': 2.0, 'AUG': 2.0}"
174,2618.0,1.0,L,{'L': 2618.0},,0.1486330780321122,0.4409215852095124,2618.0,1.0,CUG,{'CUG': 2618.0}
175,2618.0,1.0,A,{'A': 2618.0},,0.1486330780321122,0.4409215852095124,2611.0,0.9973262032085561,GCG,"{'GCA': 5.0, 'GCC': 2.0, 'GCG': 2611.0}"
176,2618.0,1.0,Y,{'Y': 2618.0},,0.1486330780321122,0.4409215852095124,2618.0,1.0,UAU,{'UAU': 2618.0}
177,2618.0,1.0,P,{'P': 2618.0},,0.1486330780321122,0.4409215852095124,2618.0,1.0,CCG,{'CCG': 2618.0}
178,2618.0,1.0,G,{'G': 2618.0},,0.1486330780321122,0.4409215852095124,2592.0,0.9900687547746372,GGG,"{'GGG': 2592.0, 'GGA': 26.0}"
179,2618.0,1.0,I,{'I': 2618.0},,0.1486330780321122,0.4409215852095124,2618.0,1.0,AUU,{'AUU': 2618.0}
180,2618.0,1.0,K,{'K': 2618.0},,0.1486330780321122,0.4409215852095124,2618.0,1.0,AAA,{'AAA': 2618.0}
181,2618.0,1.0,V,{'V': 2618.0},,0.1486330780321122,0.4409215852095124,2618.0,1.0,GUC,{'GUC': 2618.0}
182,2618.0,1.0,S,{'S': 2618.0},,0.1486330780321122,0.4409215852095124,2606.0,0.9954163483575248,UCG,"{'UCG': 2606.0, 'UCU': 3.0, 'UCA': 9.0}"
183,2618.0,1.0,T,{'T': 2618.0},,0.1486330780321122,0.4409215852095124,2615.0,0.9988540870893812,ACG,"{'ACA': 1.0, 'ACG': 2615.0, 'ACU': 2.0}"
184,2618.0,1.0,A,{'A': 2618.0},,0.1486330780321122,0.4409215852095124,2616.0,0.9992360580595875,GCA,"{'GCA': 2616.0, 'GCU': 2.0}"
185,2618.0,1.0,E,{'E': 2618.0},,0.1486330780321122,0.4409215852095124,2618.0,1.0,GAA,{'GAA': 2618.0}
186,2618.0,1.0,A,{'A': 2618.0},,0.1486330780321122,0.4409215852095124,2530.0,0.9663865546218487,GCC,"{'GCA': 1.0, 'GCC': 2530.0, 'GCU': 85.0, 'GCG': 2.0}"
187,2618.0,1.0,R,{'R': 2618.0},,0.1486330780321122,0.4409215852095124,1744.0,0.666157372039725,AGG,"{'AGG': 1744.0, 'CGA': 1.0, 'CGG': 873.0}"
188,2618.0,1.0,A,{'A': 2618.0},,0.1486330780321122,0.4409215852095124,2615.0,0.9988540870893812,GCU,"{'GCU': 2615.0, 'GCG': 3.0}"
189,2618.0,1.0,I,{'I': 2618.0},,0.1486330780321122,0.4409215852095124,2617.0,0.9996180290297937,AUU,"{'AUA': 1.0, 'AUU': 2617.0}"
190,2618.0,1.0,L,{'L': 2618.0},,0.1486330780321122,0.4409215852095124,2616.0,0.9992360580595875,UUA,"{'CUG': 2.0, 'UUA': 2616.0}"
191,2618.0,1.0,P,{'P': 2618.0},,0.1486330780321122,0.4409215852095124,2603.0,0.9942704354469061,CCG,"{'CCG': 2603.0, 'CCA': 15.0}"
192,2618.0,1.0,A,{'A': 2618.0},,0.1486330780321122,0.4409215852095124,2595.0,0.9912146676852559,GCG,"{'GCA': 23.0, 'GCG': 2595.0}"
193,2618.0,1.0,Q,{'Q': 2618.0},,0.1486330780321122,0.4409215852095124,2618.0,1.0,CAG,{'CAG': 2618.0}
194,2618.0,1.0,Y,{'Y': 2618.0},,0.1486330780321122,0.4409215852095124,2615.0,0.9988540870893812,UAU,"{'UAC': 3.0, 'UAU': 2615.0}"
195,2618.0,1.0,R,{'R': 2618.0},,0.1486330780321122,0.4409215852095124,2615.0,0.9988540870893812,CGC,"{'CGC': 2615.0, 'CGU': 3.0}"
196,2617.0,0.9996180290297937,R,"{'H': 1.0, 'R': 2617.0}",,0.12280917381269263,0.45112910480170204,2614.0,0.998472116119175,CGC,"{'CAC': 1.0, 'CGC': 2614.0, 'CGU': 3.0}"
197,2618.0,1.0,Q,{'Q': 2618.0},,0.1486330780321122,0.4409215852095124,2618.0,1.0,CAG,{'CAG': 2618.0}
198,2618.0,1.0,D,{'D': 2618.0},,0.1486330780321122,0.4409215852095124,2618.0,1.0,GAU,{'GAU': 2618.0}
199,2618.0,1.0,C,{'C': 2618.0},,0.1486330780321122,0.4409215852095124,2616.0,0.9992360580595875,UGC,"{'UGC': 2616.0, 'UGU': 2.0}"
200,2618.0,1.0,I,{'I': 2618.0},,0.1486330780321122,0.4409215852095124,2616.0,0.9992360580595875,AUU,"{'AUC': 2.0, 'AUU': 2616.0}"
201,2618.0,1.0,A,{'A': 2618.0},,0.1486330780321122,0.4409215852095124,2613.0,0.9980901451489687,GCG,"{'GCC': 2.0, 'GCU': 3.0, 'GCG': 2613.0}"
202,2618.0,1.0,H,{'H': 2618.0},,0.1486330780321122,0.4409215852095124,2616.0,0.9992360580595875,CAC,"{'CAC': 2616.0, 'CAU': 2.0}"
203,2618.0,1.0,G,{'G': 2618.0},,0.1486330780321122,0.4409215852095124,2616.0,0.9992360580595875,GGG,"{'GGU': 2.0, 'GGG': 2616.0}"
204,2617.0,0.9996180290297937,R,"{'Q': 1.0, 'R': 2617.0}",,0.12280917381269263,0.45112910480170204,2612.0,0.9977081741787625,CGA,"{'CGA': 2612.0, 'CGC': 2.0, 'CAA': 1.0, 'CGG': 3.0}"
205,2618.0,1.0,H,{'H': 2618.0},,0.1486330780321122,0.4409215852095124,2419.0,0.9239877769289534,CAU,"{'CAC': 199.0, 'CAU': 2419.0}"
206,2618.0,1.0,L,{'L': 2618.0},,0.1486330780321122,0.4409215852095124,1638.0,0.6256684491978609,CUG,"{'CUG': 1638.0, 'UUG': 978.0, 'CUC': 2.0}"
207,2618.0,1.0,A,{'A': 2618.0},,0.1486330780321122,0.4409215852095124,2099.0,0.8017570664629489,GCA,"{'GCA': 2099.0, 'GCU': 514.0, 'GCG': 5.0}"
208,2618.0,1.0,G,{'G': 2618.0},,0.1486330780321122,0.4409215852095124,2340.0,0.8938120702826585,GGC,"{'GGA': 278.0, 'GGC': 2340.0}"
209,2618.0,1.0,F,{'F': 2618.0},,0.1486330780321122,0.4409215852095124,2164.0,0.826585179526356,UUC,"{'UUU': 454.0, 'UUC': 2164.0}"
210,2618.0,1.0,I,{'I': 2618.0},,0.1486330780321122,0.4409215852095124,2618.0,1.0,AUU,{'AUU': 2618.0}
211,2618.0,1.0,H,{'H': 2618.0},,0.1486330780321122,0.4409215852095124,2617.0,0.9996180290297937,CAC,"{'CAC': 2617.0, 'CAU': 1.0}"
212,2618.0,1.0,A,{'A': 2618.0},,0.1486330780321122,0.4409215852095124,2617.0,0.9996180290297937,GCC,"{'GCC': 2617.0, 'GCU': 1.0}"
213,2617.0,0.9996180290297937,C,"{'C': 2617.0, 'S': 1.0}",,0.12280917381269263,0.45112910480170204,2587.0,0.9881588999236058,UGC,"{'UGC': 2587.0, 'AGC': 1.0, 'UGU': 30.0}"
214,2618.0,1.0,Y,{'Y': 2618.0},,0.1486330780321122,0.4409215852095124,2616.0,0.9992360580595875,UAU,"{'UAC': 2.0, 'UAU': 2616.0}"
215,2616.0,0.9992360580595875,S,"{'S': 2616.0, 'T': 2.0}",,0.09698526959328058,0.4613690462300021,2616.0,0.9992360580595875,UCC,"{'ACC': 2.0, 'UCC': 2616.0}"
216,2618.0,1.0,R,{'R': 2618.0},,0.1486330780321122,0.4409215852095124,2616.0,0.9992360580595875,CGU,"{'CGC': 2.0, 'CGU': 2616.0}"
217,2618.0,1.0,Q,{'Q': 2618.0},,0.1486330780321122,0.4409215852095124,2618.0,1.0,CAG,{'CAG': 2618.0}
218,2569.0,0.9812834224598931,P,"{'P': 2569.0, 'L': 49.0}",,-1.1167382287192813,0.13205313362803967,2567.0,0.9805194805194806,CCU,"{'CCU': 2567.0, 'CUU': 49.0, 'CCG': 2.0}"
219,2616.0,0.9992360580595875,E,"{'Q': 2.0, 'E': 2616.0}",,0.09698526959328058,0.4613690462300021,2616.0,0.9992360580595875,GAG,"{'GAG': 2616.0, 'CAG': 2.0}"
220,2618.0,1.0,L,{'L': 2618.0},,0.1486330780321122,0.4409215852095124,2616.0,0.9992360580595875,CUU,"{'CUG': 2.0, 'CUU': 2616.0}"
221,2618.0,1.0,A,{'A': 2618.0},,0.1486330780321122,0.4409215852095124,2616.0,0.9992360580595875,GCC,"{'GCC': 2616.0, 'GCG': 2.0}"
222,2617.0,0.9996180290297937,A,"{'A': 2617.0, 'S': 1.0}",,0.12280917381269263,0.45112910480170204,2615.0,0.9988540870893812,GCG,"{'GCA': 2.0, 'UCG': 1.0, 'GCG': 2615.0}"
223,2230.0,0.8517952635599695,K,"{'K': 2230.0, 'N': 388.0}",,-9.871041759101388,2.779214678341923e-23,2228.0,0.851031321619557,AAG,"{'AAU': 388.0, 'AAG': 2228.0, 'AAA': 2.0}"
224,2618.0,1.0,L,{'L': 2618.0},,0.1486330780321122,0.4409215852095124,2614.0,0.998472116119175,CUG,"{'CUG': 2614.0, 'UUG': 3.0, 'CUA': 1.0}"
225,2618.0,1.0,M,{'M': 2618.0},,0.1486330780321122,0.4409215852095124,2618.0,1.0,AUG,{'AUG': 2618.0}
226,2618.0,1.0,K,{'K': 2618.0},,0.1486330780321122,0.4409215852095124,2618.0,1.0,AAA,{'AAA': 2618.0}
227,2618.0,1.0,D,{'D': 2618.0},,0.1486330780321122,0.4409215852095124,2618.0,1.0,GAU,{'GAU': 2618.0}
228,2617.0,0.9996180290297937,V,"{'I': 1.0, 'V': 2617.0}",,0.12280917381269263,0.45112910480170204,2615.0,0.9988540870893812,GUU,"{'GUG': 2.0, 'AUU': 1.0, 'GUU': 2615.0}"
229,2618.0,1.0,I,{'I': 2618.0},,0.1486330780321122,0.4409215852095124,2615.0,0.9988540870893812,AUC,"{'AUC': 2615.0, 'AUU': 3.0}"
230,2618.0,1.0,A,{'A': 2618.0},,0.1486330780321122,0.4409215852095124,2313.0,0.8834988540870894,GCU,"{'GCA': 303.0, 'GCC': 2.0, 'GCU': 2313.0}"
231,2615.0,0.9988540870893812,E,"{'E': 2615.0, 'D': 3.0}",,0.07116136537386102,0.471634664698082,2615.0,0.9988540870893812,GAA,"{'GAC': 3.0, 'GAA': 2615.0}"
232,2618.0,1.0,P,{'P': 2618.0},,0.1486330780321122,0.4409215852095124,2615.0,0.9988540870893812,CCC,"{'CCU': 1.0, 'CCG': 2.0, 'CCC': 2615.0}"
233,2618.0,1.0,Y,{'Y': 2618.0},,0.1486330780321122,0.4409215852095124,2618.0,1.0,UAC,{'UAC': 2618.0}
234,2618.0,1.0,R,{'R': 2618.0},,0.1486330780321122,0.4409215852095124,2616.0,0.9992360580595875,CGU,"{'CGA': 2.0, 'CGU': 2616.0}"
235,2616.0,0.9992360580595875,E,"{'E': 2616.0, 'T': 2.0}",,0.09698526959328058,0.4613690462300021,2616.0,0.9992360580595875,GAA,"{'ACC': 2.0, 'GAA': 2616.0}"
236,2616.0,0.9992360580595875,R,"{'K': 2.0, 'R': 2616.0}",,0.09698526959328058,0.4613690462300021,2526.0,0.9648586707410237,CGG,"{'CGA': 86.0, 'AAA': 2.0, 'CGU': 4.0, 'CGG': 2526.0}"
237,2618.0,1.0,L,{'L': 2618.0},,0.1486330780321122,0.4409215852095124,2616.0,0.9992360580595875,UUA,"{'CUG': 2.0, 'UUA': 2616.0}"
238,2618.0,1.0,L,{'L': 2618.0},,0.1486330780321122,0.4409215852095124,2124.0,0.8113063407181055,CUG,"{'CUG': 2124.0, 'UUG': 494.0}"
239,2615.0,0.9988540870893812,P,"{'P': 2615.0, 'L': 3.0}",,0.07116136537386102,0.471634664698082,1775.0,0.6779984721161192,CCU,"{'CCU': 1775.0, 'CCG': 5.0, 'CCA': 835.0, 'CUU': 3.0}"
240,2618.0,1.0,G,{'G': 2618.0},,0.1486330780321122,0.4409215852095124,2190.0,0.8365164247517188,GGC,"{'GGU': 428.0, 'GGC': 2190.0}"
241,2618.0,1.0,F,{'F': 2618.0},,0.1486330780321122,0.4409215852095124,2586.0,0.9877769289533995,UUC,"{'UUU': 32.0, 'UUC': 2586.0}"
242,2615.0,0.9988540870893812,R,"{'S': 2.0, 'R': 2615.0, 'K': 1.0}",,0.07116136537386102,0.471634664698082,2612.0,0.9977081741787625,CGG,"{'AGG': 3.0, 'AAG': 1.0, 'AGC': 2.0, 'CGG': 2612.0}"
243,2616.0,0.9992360580595875,Q,"{'Q': 2616.0, 'E': 2.0}",,0.09698526959328058,0.4613690462300021,2616.0,0.9992360580595875,CAG,"{'CAG': 2616.0, 'GAA': 2.0}"
244,2618.0,1.0,A,{'A': 2618.0},,0.1486330780321122,0.4409215852095124,2615.0,0.9988540870893812,GCG,"{'GCA': 3.0, 'GCG': 2615.0}"
245,2617.0,0.9996180290297937,R,"{'Q': 1.0, 'R': 2617.0}",,0.12280917381269263,0.45112910480170204,2615.0,0.9988540870893812,CGG,"{'CAG': 1.0, 'CGU': 2.0, 'CGG': 2615.0}"
246,2618.0,1.0,Q,{'Q': 2618.0},,0.1486330780321122,0.4409215852095124,2614.0,0.998472116119175,CAG,"{'CAA': 4.0, 'CAG': 2614.0}"
247,2618.0,1.0,A,{'A': 2618.0},,0.1486330780321122,0.4409215852095124,2618.0,1.0,GCG,{'GCG': 2618.0}
248,2601.0,0.9935064935064936,V,"{'A': 2.0, 'G': 15.0, 'V': 2601.0}",,-0.29037329369796033,0.3857653362544464,1729.0,0.660427807486631,GUC,"{'GUC': 1729.0, 'GGU': 1.0, 'GCC': 2.0, 'GUU': 869.0, 'GGC': 14.0, 'GUA': 3.0}"
249,2615.0,0.9988540870893812,A,"{'A': 2615.0, 'M': 2.0, 'V': 1.0}",,0.07116136537386102,0.471634664698082,2615.0,0.9988540870893812,GCG,"{'GUG': 1.0, 'AUG': 2.0, 'GCG': 2615.0}"
250,2618.0,1.0,E,{'E': 2618.0},,0.1486330780321122,0.4409215852095124,2616.0,0.9992360580595875,GAA,"{'GAG': 2.0, 'GAA': 2616.0}"
251,2616.0,0.9992360580595875,I,"{'I': 2616.0, 'M': 2.0}",,0.09698526959328058,0.4613690462300021,2616.0,0.9992360580595875,AUC,"{'AUC': 2616.0, 'AUG': 2.0}"
252,2618.0,1.0,G,{'G': 2618.0},,0.1486330780321122,0.4409215852095124,2617.0,0.9996180290297937,GGC,"{'GGU': 1.0, 'GGC': 2617.0}"
253,2617.0,0.9996180290297937,A,"{'A': 2617.0, 'T': 1.0}",,0.12280917381269263,0.45112910480170204,2601.0,0.9935064935064936,GCG,"{'GCA': 14.0, 'GCC': 2.0, 'ACG': 1.0, 'GCG': 2601.0}"
254,2614.0,0.998472116119175,V,"{'Q': 2.0, 'L': 1.0, 'G': 1.0, 'V': 2614.0}",,0.045337461154448956,0.48191916422046394,2331.0,0.8903743315508021,GUA,"{'CAG': 2.0, 'GUA': 2331.0, 'UUA': 1.0, 'GUU': 283.0, 'GGA': 1.0}"
255,2611.0,0.9973262032085561,A,"{'A': 2611.0, 'S': 4.0, 'V': 3.0}",,-0.032134251503802225,0.4871824943783696,2609.0,0.9965622612681436,GCG,"{'UCG': 4.0, 'GCU': 2.0, 'GUG': 3.0, 'GCG': 2609.0}"
256,2616.0,0.9992360580595875,S,"{'S': 2616.0, 'C': 2.0}",,0.09698526959328058,0.4613690462300021,2616.0,0.9992360580595875,AGC,"{'UGC': 2.0, 'AGC': 2616.0}"
257,2617.0,0.9996180290297937,G,"{'D': 1.0, 'G': 2617.0}",,0.12280917381269263,0.45112910480170204,2600.0,0.9931245225362872,GGU,"{'GGU': 2600.0, 'GGG': 15.0, 'GAU': 1.0, 'GGC': 2.0}"
258,2618.0,1.0,I,{'I': 2618.0},,0.1486330780321122,0.4409215852095124,2618.0,1.0,AUC,{'AUC': 2618.0}
259,2618.0,1.0,S,{'S': 2618.0},,0.1486330780321122,0.4409215852095124,2611.0,0.9973262032085561,UCC,"{'UCU': 7.0, 'UCC': 2611.0}"
260,2618.0,1.0,G,{'G': 2618.0},,0.1486330780321122,0.4409215852095124,2616.0,0.9992360580595875,GGC,"{'GGA': 2.0, 'GGC': 2616.0}"
261,2618.0,1.0,S,{'S': 2618.0},,0.1486330780321122,0.4409215852095124,2612.0,0.9977081741787625,UCC,"{'UCU': 6.0, 'UCC': 2612.0}"
262,2618.0,1.0,G,{'G': 2618.0},,0.1486330780321122,0.4409215852095124,2615.0,0.9988540870893812,GGC,"{'GGU': 3.0, 'GGC': 2615.0}"
263,2618.0,1.0,P,{'P': 2618.0},,0.1486330780321122,0.4409215852095124,2614.0,0.998472116119175,CCG,"{'CCG': 2614.0, 'CCA': 4.0}"
264,2618.0,1.0,T,{'T': 2618.0},,0.1486330780321122,0.4409215852095124,1506.0,0.5752482811306341,ACC,"{'ACC': 1506.0, 'ACG': 2.0, 'ACU': 1110.0}"
265,2618.0,1.0,L,{'L': 2618.0},,0.1486330780321122,0.4409215852095124,2616.0,0.9992360580595875,UUG,"{'CUG': 2.0, 'UUG': 2616.0}"
266,2618.0,1.0,F,{'F': 2618.0},,0.1486330780321122,0.4409215852095124,2419.0,0.9239877769289534,UUC,"{'UUU': 199.0, 'UUC': 2419.0}"
267,2618.0,1.0,A,{'A': 2618.0},,0.1486330780321122,0.4409215852095124,2615.0,0.9988540870893812,GCU,"{'GCU': 2615.0, 'GCG': 3.0}"
268,2618.0,1.0,L,{'L': 2618.0},,0.1486330780321122,0.4409215852095124,2158.0,0.8242933537051184,CUG,"{'CUG': 2158.0, 'UUG': 5.0, 'CUA': 455.0}"
269,2618.0,1.0,C,{'C': 2618.0},,0.1486330780321122,0.4409215852095124,2618.0,1.0,UGU,{'UGU': 2618.0}
270,2618.0,1.0,D,{'D': 2618.0},,0.1486330780321122,0.4409215852095124,2616.0,0.9992360580595875,GAC,"{'GAU': 2.0, 'GAC': 2616.0}"
271,2618.0,1.0,K,{'K': 2618.0},,0.1486330780321122,0.4409215852095124,2616.0,0.9992360580595875,AAG,"{'AAG': 2616.0, 'AAA': 2.0}"
272,2616.0,0.9992360580595875,P,"{'P': 2616.0, 'L': 2.0}",,0.09698526959328058,0.4613690462300021,2616.0,0.9992360580595875,CCG,"{'CUG': 2.0, 'CCG': 2616.0}"
273,2515.0,0.9606569900687548,D,"{'E': 103.0, 'D': 2515.0}",,-2.5112290565677577,0.006015580143090585,2515.0,0.9606569900687548,GAU,"{'GAU': 2515.0, 'GAA': 103.0}"
274,2618.0,1.0,T,{'T': 2618.0},,0.1486330780321122,0.4409215852095124,2601.0,0.9935064935064936,ACC,"{'ACC': 2601.0, 'ACU': 17.0}"
275,2618.0,1.0,A,{'A': 2618.0},,0.1486330780321122,0.4409215852095124,2333.0,0.8911382734912147,GCC,"{'GCA': 1.0, 'GCC': 2333.0, 'GCU': 283.0, 'GCG': 1.0}"
276,2618.0,1.0,Q,{'Q': 2618.0},,0.1486330780321122,0.4409215852095124,2615.0,0.9988540870893812,CAG,"{'CAA': 3.0, 'CAG': 2615.0}"
277,2618.0,1.0,R,{'R': 2618.0},,0.1486330780321122,0.4409215852095124,2618.0,1.0,CGC,{'CGC': 2618.0}
278,2618.0,1.0,V,{'V': 2618.0},,0.1486330780321122,0.4409215852095124,2616.0,0.9992360580595875,GUU,"{'GUC': 2.0, 'GUU': 2616.0}"
279,2618.0,1.0,A,{'A': 2618.0},,0.1486330780321122,0.4409215852095124,2615.0,0.9988540870893812,GCC,"{'GCC': 2615.0, 'GCU': 3.0}"
280,2618.0,1.0,D,{'D': 2618.0},,0.1486330780321122,0.4409215852095124,2618.0,1.0,GAC,{'GAC': 2618.0}
281,2618.0,1.0,W,{'W': 2618.0},,0.1486330780321122,0.4409215852095124,2618.0,1.0,UGG,{'UGG': 2618.0}
282,2618.0,1.0,L,{'L': 2618.0},,0.1486330780321122,0.4409215852095124,2616.0,0.9992360580595875,UUG,"{'UUG': 2616.0, 'CUU': 2.0}"
283,2618.0,1.0,G,{'G': 2618.0},,0.1486330780321122,0.4409215852095124,2616.0,0.9992360580595875,GGU,"{'GGU': 2616.0, 'GGC': 2.0}"
284,2616.0,0.9992360580595875,K,"{'A': 2.0, 'K': 2616.0}",,0.09698526959328058,0.4613690462300021,2385.0,0.9110007639419404,AAG,"{'AAG': 2385.0, 'AAA': 231.0, 'GCG': 2.0}"
285,2615.0,0.9988540870893812,N,"{'H': 2.0, 'T': 1.0, 'N': 2615.0}",,0.07116136537386102,0.471634664698082,2615.0,0.9988540870893812,AAC,"{'CAC': 2.0, 'ACU': 1.0, 'AAC': 2615.0}"
286,2617.0,0.9996180290297937,Y,"{'Y': 2617.0, 'T': 1.0}",,0.12280917381269263,0.45112910480170204,2614.0,0.998472116119175,UAC,"{'ACC': 1.0, 'UAC': 2614.0, 'UAU': 3.0}"
287,2617.0,0.9996180290297937,L,"{'C': 1.0, 'L': 2617.0}",,0.12280917381269263,0.45112910480170204,2617.0,0.9996180290297937,CUG,"{'CUG': 2617.0, 'UGC': 1.0}"
288,2617.0,0.9996180290297937,Q,"{'Q': 2617.0, 'K': 1.0}",,0.12280917381269263,0.45112910480170204,2615.0,0.9988540870893812,CAA,"{'AAA': 1.0, 'CAA': 2615.0, 'CAG': 2.0}"
289,2617.0,0.9996180290297937,N,"{'I': 1.0, 'N': 2617.0}",,0.12280917381269263,0.45112910480170204,2617.0,0.9996180290297937,AAU,"{'AAU': 2617.0, 'AUC': 1.0}"
290,2617.0,0.9996180290297937,Q,"{'Q': 2617.0, 'R': 1.0}",,0.12280917381269263,0.45112910480170204,2616.0,0.9992360580595875,CAG,"{'AGG': 1.0, 'CAA': 1.0, 'CAG': 2616.0}"
291,2617.0,0.9996180290297937,E,"{'K': 1.0, 'E': 2617.0}",,0.12280917381269263,0.45112910480170204,2617.0,0.9996180290297937,GAA,"{'AAG': 1.0, 'GAA': 2617.0}"
292,2616.0,0.9992360580595875,G,"{'A': 1.0, 'G': 2616.0, 'V': 1.0}",,0.09698526959328058,0.4613690462300021,2613.0,0.9980901451489687,GGU,"{'GGU': 2613.0, 'GGG': 1.0, 'GCU': 1.0, 'GUU': 1.0, 'GGC': 2.0}"
293,2617.0,0.9996180290297937,F,"{'L': 1.0, 'F': 2617.0}",,0.12280917381269263,0.45112910480170204,2617.0,0.9996180290297937,UUU,"{'UUU': 2617.0, 'UUG': 1.0}"
294,2617.0,0.9996180290297937,V,"{'F': 1.0, 'V': 2617.0}",,0.12280917381269263,0.45112910480170204,2617.0,0.9996180290297937,GUU,"{'UUC': 1.0, 'GUU': 2617.0}"
295,2617.0,0.9996180290297937,H,"{'I': 1.0, 'H': 2617.0}",,0.12280917381269263,0.45112910480170204,2617.0,0.9996180290297937,CAU,"{'AUA': 1.0, 'CAU': 2617.0}"
296,2616.0,0.9992360580595875,I,"{'I': 2616.0, 'L': 1.0, 'F': 1.0}",,0.09698526959328058,0.4613690462300021,2616.0,0.9992360580595875,AUU,"{'UUU': 1.0, 'CUU': 1.0, 'AUU': 2616.0}"
297,2617.0,0.9996180290297937,C,"{'A': 1.0, 'C': 2617.0}",,0.12280917381269263,0.45112910480170204,2617.0,0.9996180290297937,UGC,"{'UGC': 2617.0, 'GCC': 1.0}"
298,2121.0,0.8101604278074866,R,"{'Q': 495.0, 'R': 2121.0, 'L': 1.0, 'G': 1.0}",,-12.685847319017759,3.5421775335601476e-37,2121.0,0.8101604278074866,CGG,"{'CUG': 1.0, 'CAG': 495.0, 'GGC': 1.0, 'CGG': 2121.0}"
299,2617.0,0.9996180290297937,L,"{'L': 2617.0, 'W': 1.0}",,0.12280917381269263,0.45112910480170204,2617.0,0.9996180290297937,CUG,"{'CUG': 2617.0, 'UGG': 1.0}"
300,2617.0,0.9996180290297937,D,"{'I': 1.0, 'D': 2617.0}",,0.12280917381269263,0.45112910480170204,2615.0,0.9988540870893812,GAU,"{'AUA': 1.0, 'GAU': 2615.0, 'GAC': 2.0}"
301,2617.0,0.9996180290297937,T,"{'R': 1.0, 'T': 2617.0}",,0.12280917381269263,0.45112910480170204,2617.0,0.9996180290297937,ACG,"{'ACG': 2617.0, 'CGG': 1.0}"
302,2617.0,0.9996180290297937,A,"{'A': 2617.0, 'R': 1.0}",,0.12280917381269263,0.45112910480170204,2617.0,0.9996180290297937,GCG,"{'CGG': 1.0, 'GCG': 2617.0}"
303,2617.0,0.9996180290297937,G,"{'A': 1.0, 'G': 2617.0}",,0.12280917381269263,0.45112910480170204,2615.0,0.9988540870893812,GGC,"{'GGG': 2.0, 'GCG': 1.0, 'GGC': 2615.0}"
304,2617.0,0.9996180290297937,A,"{'A': 2617.0, 'H': 1.0}",,0.12280917381269263,0.45112910480170204,2617.0,0.9996180290297937,GCA,"{'GCA': 2617.0, 'CAC': 1.0}"
305,2617.0,0.9996180290297937,R,"{'R': 2617.0, 'E': 1.0}",,0.12280917381269263,0.45112910480170204,2615.0,0.9988540870893812,CGA,"{'CGA': 2615.0, 'GAG': 1.0, 'CGC': 2.0}"
306,2615.0,0.9988540870893812,V,"{'Y': 1.0, 'G': 2.0, 'V': 2615.0}",,0.07116136537386102,0.471634664698082,2615.0,0.9988540870893812,GUA,"{'GUA': 2615.0, 'GGA': 2.0, 'UAC': 1.0}"
307,2615.0,0.9988540870893812,L,"{'L': 2615.0, 'W': 1.0, 'V': 2.0}",,0.07116136537386102,0.471634664698082,2614.0,0.998472116119175,CUG,"{'CUG': 2614.0, 'UGG': 1.0, 'GUG': 2.0, 'CUA': 1.0}"
308,2615.0,0.9996177370030581,E,"{'K': 1.0, 'E': 2615.0}",,0.12278943076665742,0.4511369219745619,2615.0,0.9996177370030581,GAA,"{'AAA': 1.0, 'GAA': 2615.0}"
309,2612.0,0.9984709480122325,N,"{'K': 3.0, 'T': 1.0, 'N': 2612.0}",,0.04525848897029311,0.48195063725725645,2612.0,0.9984709480122325,AAC,"{'AAA': 3.0, 'ACU': 1.0, 'AAC': 2612.0}"
310,2615.0,1.0,*,{'*': 2615.0},,0.1486330780321122,0.4409215852095124,2615.0,1.0,UAA,{'UAA': 2615.0}
